.Random.seed <-
c(403L, 10L, 97259021L, 68025671L, -1985325266L, -742544760L, 
596925323L, -1548666007L, 351221048L, -1577953306L, 794734465L, 
-1685305581L, -1654009662L, -58922124L, 2088720247L, 1302589549L, 
-2012655868L, -1495871958L, 1030792085L, -135616465L, 1647812918L, 
-547978912L, -1629642845L, -1627150143L, -615180112L, -268539954L, 
-589382855L, 1377112907L, 71829754L, -608022020L, 88781375L, 
-1721362667L, -1229528020L, 1968119042L, -1212680739L, -1826372393L, 
1500393406L, -768161288L, -103158309L, 484623417L, -766073464L, 
-966610634L, -1793258639L, 1605200291L, -197225230L, 987826244L, 
2067737351L, 975088349L, 743519188L, 454816506L, -1361992123L, 
-363135329L, 1341391910L, -978325328L, 1506437459L, -1357122447L, 
2048993696L, -1207245506L, 296133705L, -519687941L, 1047460042L, 
-1163502036L, 1305551407L, 327883493L, -65093732L, 194681330L, 
1219146861L, 1111627175L, -1839611954L, -848896728L, 1573830443L, 
526034249L, 374786648L, 1631060742L, -905105695L, 191654515L, 
-1465101598L, -98136492L, -1215031465L, -1910052019L, -2078269724L, 
944824010L, -1496867019L, 70391183L, 56562326L, -1339774400L, 
489224963L, -2090726623L, 760802320L, 659512302L, -1666036839L, 
-1580198869L, 817991962L, 1837671388L, -278985249L, 1090810293L, 
1648140108L, -1817430622L, -2016340739L, 375093751L, 471676702L, 
-1406318120L, 503259963L, -944814887L, -1344272280L, -968630890L, 
1103545617L, 1844913859L, 1465755346L, 1833672548L, 1931092647L, 
-1829565443L, 457866740L, -125576486L, 1755831333L, 1960333631L, 
708331206L, -98514096L, 1324856179L, 1977001361L, 1466034112L, 
353538462L, 1655200617L, 1828409243L, -859621718L, -117276468L, 
1337328015L, 1742886341L, -2086930052L, -1155610158L, -1260669619L, 
-1500796921L, 1774454766L, 545828552L, 1638056395L, -689032151L, 
1961370232L, -827781210L, 1658718657L, -854147501L, 495113474L, 
94753844L, 1615799735L, 366725549L, 56363716L, -1281192214L, 
1816928597L, -2144020753L, -1881381642L, 1992078368L, -1149458973L, 
379786881L, -647208720L, -746152050L, -1090948871L, -1829602677L, 
-1499178310L, 51156412L, -33784065L, -961547691L, -415808148L, 
1588727234L, -1010962915L, -1856538985L, -518537218L, -1050825800L, 
-2012444773L, -649351687L, 1871605064L, -75716490L, 243750321L, 
-51487773L, 171141298L, 2032993540L, -1937963449L, 1584222493L, 
-1887215724L, 547767098L, -2102227067L, -1213326241L, -2122688794L, 
1249729904L, -1340348781L, 852279089L, 613909984L, 833282686L, 
293130505L, -717786309L, -1621144822L, -2044493076L, 1755053935L, 
1224876197L, 812550748L, 579021362L, -975994579L, -683931673L, 
-1729687794L, -345497368L, -1286417685L, -2103247991L, 273295128L, 
-694015418L, 2098449057L, 1161669939L, 1979839650L, -996017260L, 
1055900183L, -1810217459L, -2103581916L, -1688674550L, -1231392139L, 
-868978225L, 1910389462L, -1272619392L, 1419854019L, 1630183009L, 
-1028401456L, 388427822L, -951355943L, -26637845L, -662602662L, 
1048012316L, 1653507871L, -1070195851L, -484867572L, 37016546L, 
-157974339L, -1327059145L, -1944119330L, -1505986700L, 1628476306L, 
1990555232L, -1145512052L, -1295056032L, -176085022L, -1620873304L, 
-547914548L, -1899450884L, -2092594254L, 570386928L, -1820300860L, 
-1477414568L, 1301112186L, 116879792L, -1564356676L, -680595372L, 
-1039121470L, -1729502176L, -869200708L, 506063440L, -174452766L, 
1408710248L, -1034941876L, 409551100L, 1175252978L, -98730752L, 
-704833676L, -1182113784L, -939289158L, 925228496L, 1458045932L, 
116170644L, -1258951726L, -1249020064L, -1031498420L, 1793867040L, 
1842254722L, 871344872L, -357534484L, 314260028L, 810146674L, 
1195305584L, 319064100L, -1768212680L, 1710292122L, -136695088L, 
2118312124L, 928917140L, -744864126L, -1774887744L, -820211396L, 
-1880629104L, -758490590L, -1237559800L, -1250078452L, -643972452L, 
-1620222446L, -118166144L, -1697976812L, -1192597976L, 1852413242L, 
2056030160L, 1004061292L, -825596108L, 359535250L, 444954976L, 
-1963015860L, -1369055264L, 428445602L, -731105368L, 1130019724L, 
1475565244L, 1092868978L, 258615536L, -1399531452L, 2141265240L, 
-442678214L, 1635984240L, 1619567676L, 557964052L, 1809549762L, 
-854019872L, -1328896132L, -425136432L, -1078442334L, -1441602520L, 
821430540L, 2126783420L, -817697486L, -1833328704L, 2105233972L, 
1591659464L, 827802810L, -631869552L, -1419983380L, 1537982548L, 
108105362L, -1656177888L, -1752171060L, -59462688L, -1520446782L, 
2122983976L, -851255636L, -1191316804L, 1130488306L, -1335957200L, 
663002276L, -995863880L, -1575900326L, -905384560L, -12394116L, 
-255501036L, 207210818L, -567115008L, -635216964L, -170128560L, 
329851170L, -1662775992L, 906876940L, -1141065636L, 585618642L, 
1239386112L, -1237087404L, -2030325272L, 786507770L, 1281222352L, 
-1967123156L, 1887361268L, -749381742L, -957445024L, 1899400460L, 
-125966624L, -507597470L, -780270936L, -1494177204L, -1191835780L, 
-1538045134L, -1957294480L, 352476484L, -1730925608L, 930406522L, 
-1888496080L, -1029842244L, -837781676L, -106923454L, 1129634720L, 
1902336188L, 2072277456L, 1227769186L, 1161126888L, -1881995316L, 
1182369532L, -563728398L, 1328839808L, 62089460L, 840348808L, 
-930040518L, 411312976L, 2072652908L, 333680788L, -1610389166L, 
1570799328L, -1517567796L, 530110624L, -2097899134L, -1799055128L, 
-1453061908L, -906655684L, -267952014L, -1184380816L, 294314532L, 
1764033080L, 1140857370L, 399540432L, 181962300L, 657534100L, 
-1467956094L, 705759168L, 1142062396L, 2063593104L, 197666L, 
-1972047864L, 2007161996L, -154218468L, -894348142L, 810396800L, 
-2030091244L, -598826200L, 1699779642L, -815559472L, 296457324L, 
460457652L, -425045998L, 1849647072L, -1363170356L, 9788896L, 
-1934975966L, -1729419992L, -481568500L, -1528304068L, 925971698L, 
-1095784208L, -845289660L, -1467035560L, -2089598406L, 1125349616L, 
-973909316L, 2094692884L, -681022270L, -1684052384L, -877103748L, 
-1782713136L, 808985634L, 1108142248L, 1875234188L, 1274565052L, 
-1139304398L, 909935424L, 527699636L, -13278904L, -171990342L, 
1838776080L, 333996268L, 1518086228L, -1688795374L, 1071980960L, 
-1651378784L, -462248823L, 1197294779L, 864073484L, -441016678L, 
1005233167L, -396402599L, 1367788782L, -803698820L, 1930933229L, 
521223319L, 505366368L, -385753282L, -11796469L, 1625229453L, 
1845973434L, -1975975944L, 930790305L, -1983138477L, 489204852L, 
1035697666L, 782782615L, 620700257L, 366820006L, 1895211684L, 
-673519787L, -668128257L, 1625963160L, -1258971210L, 1580291139L, 
1838665093L, -1272916446L, 94948624L, 93822137L, -455614101L, 
247435356L, 983539082L, -659789441L, 854340809L, 783714654L, 
1500195340L, -1075966499L, 1534579943L, -1754795760L, -2065297362L, 
-1397610789L, -901390403L, -1027147478L, 1759243720L, 1581347569L, 
-100672413L, 1480616036L, -2061130862L, 1983522919L, -1299417039L, 
231934326L, -1937508716L, 599391397L, -395943505L, 23460456L, 
-254492090L, -611293197L, 86972245L, -1241118414L, -2125619968L, 
-575840791L, 25094235L, 335035052L, -18471750L, -397613457L, 
-310152199L, -1791960434L, 2136251228L, -106997811L, 1873778487L, 
1027786176L, 1775823518L, 1435730795L, 1145920237L, -979284134L, 
358188056L, -508526207L, -2100299981L, 203369812L, -1346984094L, 
100793335L, -1827634111L, -1882509114L, 1731100164L, 325925301L, 
-700070241L, -2087745800L, 614099670L, -299991197L, -71022811L, 
1149549762L, 1389345200L, -957148711L, -84959413L, 1822152124L, 
-517863958L, 1864270367L, 738273449L, 1052303422L, -1153527508L, 
-1988338819L, -1812909625L, -465541968L, -625970482L, 119597051L, 
-490147747L, 1734481802L, -834889816L, -1117807343L, -1541004285L, 
892079876L, -1165057230L, -356630137L, -76634159L, -263714474L, 
-1685264588L, -170669499L, 543569551L, 2041765896L, -146389978L, 
-2020680493L, 30686773L, 595850642L, 2142964064L, 888975561L, 
-154680325L, -779836468L, -1427480998L, 1747731279L, -1877157351L, 
1176606766L, -1720134084L, 1281764269L, -1459256233L, -921013856L, 
-1700558082L, -2141410869L, -1712386099L, 1906836218L, -1811515080L, 
